***INDIVIDUOS CREADOS***
(1.55927 0.157898)[-0.387721] 
(-0.306343 0.626453)[1.87772] (0.425229 1.34362)[0.173086] (-0.704106 -0.316879)[1.3282] (1.60375 0.528777)[-0.332236] (0.526749 1.08077)[2.443] (0.529595 0.325946)[1.26135] (-0.341505 -0.902341)[0.450434] (1.00674 1.1763)[1.91888] (0.931115 1.51568)[1.49667] (0.424502 1.79494)[0.452029] 
(0.193139 0.128262)[1.23828] (1.99085 -0.671215)[1.50398] (0.0726662 1.95302)[-0.0708356] (1.35356 -0.629014)[0.415372] (-0.139314 0.912838)[0.247469] (0.528884 0.554342)[1.87652] (-0.460709 1.95411)[0.391805] (-0.102042 -0.164815)[1.17677] (-0.362766 -0.498295)[1.31889] (1.36396 1.16398)[0.785809] 
(1.58248 -0.106443)[-0.426089] (-0.510072 -0.759026)[1.4239] (-0.00878429 1.49667)[0.937592] (1.41728 1.92233)[-1.9619] (1.01235 -0.15822)[1.10537] (1.71727 -0.794513)[-0.754127] (0.970042 1.70812)[1.94912] (-0.465728 -0.957292)[0.973579] (1.66114 1.88784)[-2.31612] (-0.586306 -0.478175)[1.43538] 
(0.800675 0.942578)[0.846602] (1.07617 1.33997)[-0.467258] (0.89669 1.97412)[0.655288] (-0.824849 1.53392)[2.0656] (-0.52417 1.53911)[2.24906] (0.697907 -0.941691)[0.937407] (-0.56733 1.18784)[2.39107] (-0.700718 0.423886)[1.21958] (0.684503 1.71656)[2.27299] (0.346217 -0.303148)[1.11884] 
(-0.44166 0.0634856)[1.47971] (-0.097661 1.52838)[1.56311] (-0.228391 0.436611)[0.83801] (1.57109 -0.567252)[-0.107738] (0.324448 1.98478)[0.899125] (-0.0454278 -0.874877)[0.131586] (0.927361 -0.969261)[0.844629] (1.46509 -0.175949)[-0.315185] (-0.995136 1.64024)[2.62545] (-0.642025 -0.519307)[1.70393] 
(1.17935 1.05588)[1.05211] (-0.460998 1.61202)[3.04818] (0.243717 -0.161716)[1.31371] (0.0359105 1.92822)[-0.508792] (-0.445156 1.38213)[0.0619772] (-0.374928 0.113184)[1.45829] (-0.554387 0.527411)[1.72441] (-0.358434 0.217222)[1.41053] (1.96402 -0.787345)[0.422402] (0.64997 0.28847)[1.44507] 
(-0.802562 1.60454)[3.0183] (0.413593 1.1248)[2.52324] (1.63528 -0.121317)[-0.368619] (1.94885 1.64015)[2.29871] (-0.481076 -0.693174)[1.93421] (-0.879162 1.69828)[2.3535] (1.36271 -0.34016)[-0.545981] (1.3103 -0.393575)[-0.467329] (0.498124 -0.653786)[2.10959] (-0.465355 1.05297)[2.11286] 
(1.72834 0.159717)[-0.157629] (-0.833847 -0.826046)[0.74115] (1.68713 -0.192282)[-0.276338] (0.391177 1.65115)[2.93134] (0.0203732 -0.958854)[0.527315] (-0.0603803 0.217812)[1.09711] (1.64569 1.35321)[-1.77912] (-0.657389 1.28097)[1.09262] (-0.768104 -0.708539)[1.86406] (0.921115 -0.249179)[1.22851] 
(-0.401713 1.04195)[1.90694] (-0.550901 1.96099)[0.620704] (1.70179 1.7594)[-0.578525] (-0.432581 0.199918)[1.54059] (-0.894383 0.102064)[1.3892] (-0.747113 1.83396)[-0.0623444] (1.26178 -0.58096)[0.569624] (-0.992088 0.948909)[0.456429] (0.226758 0.399089)[0.767274] (0.600058 1.24713)[1.61561] 
(0.440235 1.53968)[2.16878] (-0.535057 0.0859239)[1.60759] (0.892891 -0.192446)[1.42218] (-0.633106 1.12479)[2.70334] (0.0990147 1.28801)[0.438236] (1.87561 0.697302)[0.714301] (0.329962 -0.675293)[1.82885] (0.658296 0.0317562)[1.5909] (-0.91589 1.22572)[1.60748] (1.23167 -0.810273)[-0.376066] 
(-0.67222 1.48456)[1.29] (-0.976315 1.58956)[2.5071] (1.9036 -0.968403)[0.0577861] (0.538469 0.130359)[1.66461] (0.430686 -0.861472)[0.57146] (-0.62251 1.87092)[-0.291494] (1.67821 -0.157567)[-0.277447] (-0.0431549 0.571097)[1.45085] (0.649987 0.323739)[1.32029] (-0.304116 1.749)[1.27027] 
(-0.388252 -0.428508)[1.02934] (0.446303 0.94171)[0.810221] (-0.1038 -0.895401)[0.167115] (1.97347 -0.0196904)[0.840508] (1.33031 1.20514)[0.498221] (0.170036 1.65809)[2.60334] (0.689702 0.193721)[1.69667] (1.24765 0.593304)[0.671159] (0.225318 -0.213876)[1.24029] (1.72366 1.656)[1.21653] 
(-0.0753487 -0.898847)[0.15888] (1.52692 -0.397143)[-0.903333] 
--------------------------
***INDIVIDUOS SELECCIONADOS***
VTarget(0):(1.55927,0.157898)[-0.387721]
Vid(58):(-0.358434,0.217222)[1.41053]
Vid(66):(-0.879162,1.69828)[2.3535]
Vm(35):(-0.52417,1.53911)[2.24906]
***INDIVIDUO MUTADO***
(-0.263807,0.798585)
***CRUZAMIENTO***
nj: 0.780858
nj: 0.806419
(-0.263807,0.798585)
(1.55927 0.157898)[-0.387721] 
(-0.306343 0.626453)[1.87772] (0.425229 1.34362)[0.173086] (-0.704106 -0.316879)[1.3282] (1.60375 0.528777)[-0.332236] (0.526749 1.08077)[2.443] (0.529595 0.325946)[1.26135] (-0.341505 -0.902341)[0.450434] (1.00674 1.1763)[1.91888] (0.931115 1.51568)[1.49667] (0.424502 1.79494)[0.452029] 
(0.193139 0.128262)[1.23828] (1.99085 -0.671215)[1.50398] (0.0726662 1.95302)[-0.0708356] (1.35356 -0.629014)[0.415372] (-0.139314 0.912838)[0.247469] (0.528884 0.554342)[1.87652] (-0.460709 1.95411)[0.391805] (-0.102042 -0.164815)[1.17677] (-0.362766 -0.498295)[1.31889] (1.36396 1.16398)[0.785809] 
(1.58248 -0.106443)[-0.426089] (-0.510072 -0.759026)[1.4239] (-0.00878429 1.49667)[0.937592] (1.41728 1.92233)[-1.9619] (1.01235 -0.15822)[1.10537] (1.71727 -0.794513)[-0.754127] (0.970042 1.70812)[1.94912] (-0.465728 -0.957292)[0.973579] (1.66114 1.88784)[-2.31612] (-0.586306 -0.478175)[1.43538] 
(0.800675 0.942578)[0.846602] (1.07617 1.33997)[-0.467258] (0.89669 1.97412)[0.655288] (-0.824849 1.53392)[2.0656] (-0.52417 1.53911)[2.24906] (0.697907 -0.941691)[0.937407] (-0.56733 1.18784)[2.39107] (-0.700718 0.423886)[1.21958] (0.684503 1.71656)[2.27299] (0.346217 -0.303148)[1.11884] 
(-0.44166 0.0634856)[1.47971] (-0.097661 1.52838)[1.56311] (-0.228391 0.436611)[0.83801] (1.57109 -0.567252)[-0.107738] (0.324448 1.98478)[0.899125] (-0.0454278 -0.874877)[0.131586] (0.927361 -0.969261)[0.844629] (1.46509 -0.175949)[-0.315185] (-0.995136 1.64024)[2.62545] (-0.642025 -0.519307)[1.70393] 
(1.17935 1.05588)[1.05211] (-0.460998 1.61202)[3.04818] (0.243717 -0.161716)[1.31371] (0.0359105 1.92822)[-0.508792] (-0.445156 1.38213)[0.0619772] (-0.374928 0.113184)[1.45829] (-0.554387 0.527411)[1.72441] (-0.358434 0.217222)[1.41053] (1.96402 -0.787345)[0.422402] (0.64997 0.28847)[1.44507] 
(-0.802562 1.60454)[3.0183] (0.413593 1.1248)[2.52324] (1.63528 -0.121317)[-0.368619] (1.94885 1.64015)[2.29871] (-0.481076 -0.693174)[1.93421] (-0.879162 1.69828)[2.3535] (1.36271 -0.34016)[-0.545981] (1.3103 -0.393575)[-0.467329] (0.498124 -0.653786)[2.10959] (-0.465355 1.05297)[2.11286] 
(1.72834 0.159717)[-0.157629] (-0.833847 -0.826046)[0.74115] (1.68713 -0.192282)[-0.276338] (0.391177 1.65115)[2.93134] (0.0203732 -0.958854)[0.527315] (-0.0603803 0.217812)[1.09711] (1.64569 1.35321)[-1.77912] (-0.657389 1.28097)[1.09262] (-0.768104 -0.708539)[1.86406] (0.921115 -0.249179)[1.22851] 
(-0.401713 1.04195)[1.90694] (-0.550901 1.96099)[0.620704] (1.70179 1.7594)[-0.578525] (-0.432581 0.199918)[1.54059] (-0.894383 0.102064)[1.3892] (-0.747113 1.83396)[-0.0623444] (1.26178 -0.58096)[0.569624] (-0.992088 0.948909)[0.456429] (0.226758 0.399089)[0.767274] (0.600058 1.24713)[1.61561] 
(0.440235 1.53968)[2.16878] (-0.535057 0.0859239)[1.60759] (0.892891 -0.192446)[1.42218] (-0.633106 1.12479)[2.70334] (0.0990147 1.28801)[0.438236] (1.87561 0.697302)[0.714301] (0.329962 -0.675293)[1.82885] (0.658296 0.0317562)[1.5909] (-0.91589 1.22572)[1.60748] (1.23167 -0.810273)[-0.376066] 
(-0.67222 1.48456)[1.29] (-0.976315 1.58956)[2.5071] (1.9036 -0.968403)[0.0577861] (0.538469 0.130359)[1.66461] (0.430686 -0.861472)[0.57146] (-0.62251 1.87092)[-0.291494] (1.67821 -0.157567)[-0.277447] (-0.0431549 0.571097)[1.45085] (0.649987 0.323739)[1.32029] (-0.304116 1.749)[1.27027] 
(-0.388252 -0.428508)[1.02934] (0.446303 0.94171)[0.810221] (-0.1038 -0.895401)[0.167115] (1.97347 -0.0196904)[0.840508] (1.33031 1.20514)[0.498221] (0.170036 1.65809)[2.60334] (0.689702 0.193721)[1.69667] (1.24765 0.593304)[0.671159] (0.225318 -0.213876)[1.24029] (1.72366 1.656)[1.21653] 
(-0.0753487 -0.898847)[0.15888] (1.52692 -0.397143)[-0.903333] 
--------------------------
***INDIVIDUOS SELECCIONADOS***
VTarget(0):(1.55927,0.157898)[-0.387721]
Vid(40):(0.346217,-0.303148)[1.11884]
Vid(83):(1.70179,1.7594)[-0.578525]
Vm(85):(-0.894383,0.102064)[1.3892]
***INDIVIDUO MUTADO***
(-1.57217,-0.929211)
***CRUZAMIENTO***
nj: 0.074597
nj: 0.179858
(-1.57217,-0.929211)
